[array([0.666666, 0.69    ]), array([0.733333, 0.933333]), array([0.133333, 0.466667, 0.999999]), array([0.999999, 0.999999, 0.6     , 0.933333]), array([0.2     , 0.866667, 0.866667, 0.866667]), array([0.666667, 0.2     , 0.733333, 0.666667, 0.      ]), array([0.1, 0.5, 0.2, 0.2, 0.4, 0.7]), array([0.      , 0.      , 0.      , 0.      , 0.428571, 0.857143,
       0.428571, 0.857143])]
[array([0.666666, 0.679   ]), array([0.8     , 0.133333]), array([0.066667, 0.466667, 0.933333]), array([0.      , 0.999999, 0.999999, 0.      ]), array([0.2     , 0.8     , 0.8     , 0.866667]), array([0.8     , 0.333333, 0.733333, 0.666667, 0.066667]), array([0.133333, 0.533333, 0.266667, 0.2     , 0.4     , 0.733333]), array([0. , 0. , 0. , 0.2, 0.4, 0.8, 0.4, 0.8])]
[array([0.6     , 0.666666]), array([0.6, 0. ]), array([0.2     , 0.533333, 0.999999]), array([0.6     , 0.999999, 0.999999, 0.      ]), array([0.2     , 0.866667, 0.866667, 0.999999]), array([0.666667, 0.333333, 0.466667, 0.733333, 0.133333]), array([0.066667, 0.533333, 0.266667, 0.266667, 0.266667, 0.666667]), array([0. , 0. , 0. , 0. , 0.4, 0.6, 0.4, 0.8])]
[array([0.65, 0.65]), array([0.88, 0.78]), array([0.15, 0.44, 0.99]), array([0.39, 0.8 , 0.75, 0.72]), array([0.2 , 0.8 , 0.8 , 0.87]), array([0.13, 0.86, 0.03, 0.25, 0.75]), array([0.07, 0.53, 0.27, 0.27, 0.27, 0.67]), array([0.94, 0.22, 0.72, 0.42, 0.99, 0.54, 0.71, 0.96])]
[array([0.666667, 0.666667]), array([0.5, 0.5]), array([0.5, 0.5, 0.5]), array([0.5, 0.5, 0.5, 0.5]), array([0.5, 0.5, 0.5, 0.5]), array([0.5, 0.5, 0.5, 0.5, 0.5]), array([0.5, 0.5, 0.5, 0.5, 0.5, 0.5]), array([0.5, 0.5, 0.5, 0.5, 0.5, 0.5, 0.5, 0.5])]
[array([0.66, 0.66]), array([0.666667, 0.999999]), array([0.666667, 0.666667, 0.      ]), array([0.      , 0.      , 0.999999, 0.999999]), array([0.333333, 0.999999, 0.999999, 0.999999]), array([0.666667, 0.333333, 0.666667, 0.666667, 0.333333]), array([0.      , 0.666667, 0.333333, 0.333333, 0.333333, 0.666667]), array([0.      , 0.      , 0.      , 0.      , 0.333333, 0.666667,
       0.333333, 0.999999])]
[array([0.65, 0.6 ]), array([0.4, 0.6]), array([0.5, 0.5, 0. ]), array([0.25, 0.25, 0.25, 0.25]), array([0.15, 0.35, 0.65, 0.85]), array([0.5, 0.8, 0.5, 0.5, 0.5]), array([0.75, 0.75, 0.5 , 0.5 , 0.5 , 0.5 ]), array([0.8, 0.5, 0.5, 0.5, 0.5, 0.5, 0.5, 0.5])]
[array([0.599736, 0.870477]), array([0.146697, 0.465452]), array([0.245821, 0.679872, 0.18659 ]), array([0.      , 0.999999, 0.999999, 0.999999]), array([0.048219, 0.861324, 0.      , 0.614551]), array([0.962369, 0.979326, 0.084151, 0.432745, 0.897211]), array([0.721564, 0.564684, 0.35931 , 0.999999, 0.383376, 0.425743]), array([0.999999, 0.999999, 0.999999, 0.999999, 0.      , 0.      ,
       0.999999, 0.      ])]
[array([0.4, 0.8]), array([0.8, 0.8]), array([0.2, 0.6, 0.8]), array([0.      , 0.6     , 0.999999, 0.999999]), array([0.4     , 0.999999, 0.999999, 0.999999]), array([0.6, 0.4, 0.4, 0.6, 0.2]), array([0.      , 0.333333, 0.333333, 0.333333, 0.333333, 0.666667]), array([0.      , 0.      , 0.      , 0.      , 0.333333, 0.666667,
       0.333333, 0.666667])]